"","HA","vs","played","sched","cumulative"
"1","H","Spa","yes","-0.18","-0.18"
"2","A","Hee","yes","0.06","-0.12"
"3","H","Utr","yes","-0.07","-0.19"
"4","A","WII","yes","0.33","0.14"
"5","H","ADO","yes","-0.33","-0.19"
"6","A","Emm","yes","0.04","-0.15"
"7","H","AZA","yes","0.29","0.14"
"8","H","Twe","yes","-0.25","-0.11"
"9","A","Sit","yes","-0.07","-0.19"
"10","H","Her","yes","-0.16","-0.35"
"11","A","Ajx","yes","0.59","0.24"
"12","A","VVV","yes","-0.04","0.19"
"13","H","RKC","yes","-0.37","-0.18"
"14","A","Gro","yes","0.14","-0.04"
"15","H","Zwo","yes","-0.25","-0.29"
"16","A","Vit","yes","0.19","-0.10"
"17","H","PSV","yes","0.07","-0.02"
"18","A","Utr","yes","0.21","0.19"
"19","H","Hee","yes","-0.18","0.00"
"20","A","Her","yes","0.09","0.10"
"21","H","Emm","yes","-0.20","-0.10"
"22","A","Zwo","yes","-0.04","-0.14"
"23","H","Sit","yes","-0.27","-0.41"
"24","A","PSV","yes","0.39","-0.02"
"25","H","WII","no","0.03","0.00"
"26","A","Spa","no","0.07","0.07"
"27","H","Ajx","no","0.29","0.36"
"28","A","RKC","no","-0.25","0.11"
"29","A","AZA","no","0.59","0.70"
"30","H","VVV","no","-0.25","0.44"
"31","A","ADO","no","-0.18","0.27"
"32","H","Gro","no","-0.13","0.13"
"33","A","Twe","no","-0.04","0.09"
"34","H","Vit","no","-0.09","-0.00"
