"","HA","vs","played","Pts","GD","ePts","sched","cumulative"
"1","H","ShU","yes",3,1,"2.53","-0.88","-0.88"
"2","A","Ful","yes",3,3,"2.29","-0.70","-1.57"
"3","H","Liv","yes",3,5,"0.90","0.33","-1.24"
"4","A","Lei","yes",3,1,"1.19","0.12","-1.12"
"5","H","Lee","yes",0,-3,"1.03","0.24","-0.88"
"6","H","Sot","yes",0,-1,"1.70","-0.26","-1.14"
"7","A","Ars","yes",3,3,"1.50","-0.11","-1.25"
"8","H","BHA","yes",0,-1,"1.36","-0.01","-1.26"
"9","A","WHU","yes",0,-1,"1.00","0.26","-1.00"
"10","A","Wol","yes",3,1,"1.58","-0.17","-1.17"
"11","H","Bur","yes",1,0,"1.42","-0.05","-1.22"
"12","A","WBA","yes",3,3,"1.99","-0.47","-1.69"
"13","H","Pal","yes",3,3,"1.43","-0.06","-1.75"
"14","A","Che","yes",1,0,"1.18","0.13","-1.62"
"15","A","MnU","yes",0,-1,"1.02","0.25","-1.38"
"16","A","MnC","yes",0,-2,"0.69","0.49","-0.88"
"17","H","New","yes",3,2,"1.62","-0.20","-1.08"
"18","A","Bur","yes",0,-1,"1.77","-0.31","-1.39"
"19","A","Sot","yes",3,1,"1.47","-0.09","-1.48"
"20","H","WHU","yes",0,-2,"1.02","0.24","-1.24"
"21","H","Ars","yes",3,1,"1.08","0.20","-1.04"
"22","A","BHA","yes",1,0,"2.08","-0.54","-1.58"
"23","H","Lei","yes",0,-1,"0.63","0.53","-1.04"
"24","A","Lee","yes",3,1,"1.46","-0.08","-1.12"
"25","A","ShU","yes",0,-1,"2.02","-0.50","-1.62"
"26","H","Wol","yes",1,0,"1.37","-0.02","-1.64"
"27","A","New","yes",1,0,"1.56","-0.15","-1.79"
"28","H","Tot","yes",0,-2,"1.09","0.19","-1.60"
"29","H","Ful","yes",3,2,"1.52","-0.12","-1.72"
"30","A","Liv","yes",0,-1,"1.21","0.11","-1.61"
"31","H","MnC","yes",0,-1,"0.31","0.77","-0.84"
"32","H","WBA","yes",1,0,"1.98","-0.47","-1.31"
"33","A","Eve","no",NA,NA,"1.62","-0.20","-1.51"
"34","H","MnU","no",NA,NA,"0.51","0.62","-0.88"
"35","H","Eve","no",NA,NA,"0.64","0.53","-0.35"
"36","A","Pal","no",NA,NA,"1.69","-0.25","-0.60"
"37","A","Tot","no",NA,NA,"1.06","0.22","-0.38"
"38","H","Che","no",NA,NA,"0.83","0.38","-0.00"
