"","HA","vs","played","Pts","GD","ePts","sched","cumulative"
"1","A","WHU","yes",3,2,"0.56","0.50","0.50"
"2","H","BHA","yes",0,-3,"1.46","-0.31","0.19"
"3","A","Tot","yes",1,0,"0.60","0.46","0.66"
"4","H","Bur","yes",3,2,"1.52","-0.35","0.30"
"5","H","MnU","yes",0,-3,"0.56","0.50","0.80"
"6","A","Wol","yes",1,0,"1.02","0.09","0.90"
"7","H","Eve","yes",3,1,"0.70","0.37","1.27"
"8","A","Sot","yes",0,-2,"0.91","0.19","1.45"
"9","H","Che","yes",0,-2,"0.91","0.19","1.64"
"10","A","Pal","yes",3,2,"1.12","0.00","1.65"
"11","H","WBA","yes",3,1,"2.06","-0.84","0.81"
"12","A","Lee","yes",0,-3,"0.90","0.20","1.00"
"13","H","Ful","yes",1,0,"1.61","-0.44","0.57"
"14","A","MnC","yes",0,-2,"0.37","0.67","1.24"
"15","H","Liv","yes",1,0,"0.98","0.12","1.36"
"16","H","Lei","yes",0,-1,"0.70","0.37","1.74"
"17","A","ShU","yes",0,-1,"1.48","-0.32","1.42"
"18","A","Ars","yes",0,-3,"0.95","0.16","1.58"
"19","A","Ast","yes",0,-2,"1.09","0.03","1.61"
"20","H","Lee","yes",0,-1,"1.24","-0.11","1.50"
"21","A","Eve","yes",3,2,"1.05","0.06","1.56"
"22","H","Pal","yes",0,-1,"1.52","-0.36","1.20"
"23","H","Sot","yes",3,1,"1.79","-0.60","0.61"
"24","A","Che","yes",0,-2,"0.69","0.39","0.99"
"25","A","MnU","yes",0,-2,"0.57","0.49","1.48"
"26","H","Wol","yes",1,0,"1.47","-0.31","1.18"
"27","A","WBA","yes",1,0,"1.44","-0.28","0.90"
"28","H","Ast","yes",1,0,"1.16","-0.04","0.86"
"29","A","BHA","yes",0,-3,"1.37","-0.22","0.64"
"30","H","Tot","yes",1,0,"1.18","-0.05","0.59"
"31","A","Bur","yes",3,1,"1.19","-0.06","0.52"
"32","H","WHU","yes",3,1,"1.12","-0.00","0.52"
"33","A","Liv","yes",1,0,"0.71","0.37","0.89"
"34","H","Ars","no",NA,NA,"1.17","-0.04","0.85"
"35","A","Lei","no",NA,NA,"0.69","0.38","1.23"
"36","H","MnC","no",NA,NA,"0.35","0.69","1.92"
"37","H","ShU","no",NA,NA,"2.57","-1.30","0.62"
"38","A","Ful","no",NA,NA,"1.82","-0.62","-0.00"
