"","HA","vs","played","Pts","GD","ePts","sched","cumulative"
"1","A","ShU","yes",3,2,"1.73","-0.40","-0.40"
"2","H","MnC","yes",0,-2,"0.49","0.60","0.21"
"3","A","WHU","yes",0,-4,"0.72","0.42","0.63"
"4","H","Ful","yes",3,1,"1.80","-0.45","0.17"
"5","A","Lee","yes",3,1,"0.95","0.23","0.40"
"6","H","New","yes",1,0,"1.67","-0.35","0.05"
"7","H","Pal","yes",3,2,"1.63","-0.32","-0.27"
"8","A","Lei","yes",0,-1,"0.91","0.26","-0.01"
"9","H","Sot","yes",1,0,"1.94","-0.57","-0.58"
"10","A","Ars","yes",3,1,"1.04","0.16","-0.42"
"11","A","Liv","yes",0,-4,"0.79","0.36","-0.06"
"12","H","Ast","yes",0,-1,"1.30","-0.05","-0.11"
"13","H","Che","yes",3,1,"0.90","0.27","0.16"
"14","A","Bur","yes",0,-1,"1.49","-0.20","-0.04"
"15","H","Tot","yes",1,0,"1.37","-0.11","-0.15"
"16","A","MnU","yes",0,-1,"0.85","0.31","0.16"
"17","A","BHA","yes",1,0,"1.33","-0.08","0.09"
"18","H","Eve","yes",0,-1,"0.76","0.38","0.47"
"19","H","WBA","yes",0,-1,"2.20","-0.77","-0.30"
"20","A","Che","yes",1,0,"0.75","0.40","0.09"
"21","A","Pal","yes",0,-1,"1.16","0.06","0.16"
"22","H","Ars","yes",3,1,"1.11","0.11","0.26"
"23","H","Lei","yes",1,0,"0.80","0.36","0.62"
"24","A","Sot","yes",3,1,"0.98","0.21","0.82"
"25","H","Lee","yes",3,1,"1.20","0.03","0.85"
"26","A","New","yes",1,0,"1.25","-0.01","0.84"
"27","A","MnC","yes",0,-3,"0.50","0.59","1.43"
"28","A","Ast","yes",1,0,"1.25","-0.01","1.42"
"29","H","Liv","yes",0,-1,"0.94","0.24","1.66"
"30","H","WHU","yes",0,-1,"1.21","0.02","1.68"
"31","A","Ful","yes",3,1,"2.02","-0.63","1.05"
"32","H","ShU","yes",3,1,"2.44","-0.97","0.08"
"33","H","Bur","yes",0,-4,"1.56","-0.26","-0.18"
"34","A","WBA","yes",1,0,"1.63","-0.32","-0.50"
"35","H","BHA","yes",3,1,"1.67","-0.35","-0.85"
"36","A","Tot","yes",0,-2,"0.65","0.48","-0.37"
"37","A","Eve","no",NA,NA,"1.42","-0.15","-0.52"
"38","H","MnU","no",NA,NA,"0.60","0.52","0.00"
