"","HA","vs","played","Pts","GD","ePts","sched","cumulative"
"1","H","Sit","yes",3,2,"0.64","0.48","0.48"
"2","A","Fey","yes",1,0,"1.01","0.17","0.65"
"3","H","Gro","yes",3,2,"0.80","0.35","1.00"
"4","H","Emm","yes",1,0,"1.48","-0.21","0.79"
"5","A","WII","yes",3,3,"1.88","-0.53","0.26"
"6","A","Utr","yes",0,-1,"1.61","-0.32","-0.06"
"7","H","Zwo","yes",3,4,"1.38","-0.12","-0.18"
"8","A","ADO","yes",3,2,"2.55","-1.08","-1.27"
"9","H","PSV","yes",1,0,"0.53","0.56","-0.70"
"10","H","RKC","yes",0,-2,"1.57","-0.28","-0.98"
"11","A","Ajx","yes",3,1,"0.40","0.67","-0.31"
"12","H","AZA","yes",0,-2,"0.37","0.70","0.39"
"13","A","VVV","yes",3,1,"2.09","-0.71","-0.32"
"14","H","Spa","yes",0,-2,"0.88","0.28","-0.03"
"15","A","Emm","yes",3,3,"2.11","-0.72","-0.75"
"16","H","Ajx","yes",0,-2,"0.16","0.87","0.12"
"17","A","Gro","yes",1,0,"1.28","-0.05","0.07"
"18","H","VVV","yes",0,-1,"1.68","-0.37","-0.30"
"19","A","Spa","yes",1,0,"1.87","-0.53","-0.82"
"20","H","Hee","yes",1,0,"1.19","0.03","-0.80"
"21","A","PSV","yes",0,-3,"0.35","0.71","-0.09"
"22","A","Vit","yes",3,2,"0.68","0.44","0.36"
"23","H","Fey","yes",1,0,"0.53","0.56","0.92"
"24","A","Her","yes",1,0,"1.28","-0.05","0.87"
"25","H","WII","yes",1,0,"1.68","-0.37","0.50"
"26","A","AZA","yes",0,-3,"0.82","0.33","0.83"
"27","A","Hee","yes",1,0,"1.54","-0.26","0.58"
"28","H","Vit","yes",0,-1,"0.65","0.47","1.05"
"29","A","Zwo","yes",0,-1,"1.52","-0.24","0.81"
"30","H","Utr","yes",0,-1,"0.47","0.61","1.42"
"31","A","Sit","yes",0,-3,"1.99","-0.62","0.80"
"32","H","Her","no",NA,NA,"1.19","0.03","0.82"
"33","A","RKC","no",NA,NA,"1.99","-0.63","0.20"
"34","H","ADO","no",NA,NA,"1.47","-0.20","-0.00"
