"","HA","vs","played","sched","cumulative"
"1","A","Mil","yes","0.25","0.25"
"2","H","Wig","yes","-0.22","0.03"
"3","A","Swa","yes","0.28","0.31"
"4","H","Sto","yes","-0.26","0.05"
"5","H","ShW","yes","-0.26","-0.21"
"6","A","Not","yes","0.28","0.06"
"7","H","Bre","yes","0.07","0.13"
"8","A","Bir","yes","-0.02","0.11"
"9","H","Bri","yes","-0.17","-0.05"
"10","A","Mid","yes","0.03","-0.02"
"11","H","Bar","yes","-0.36","-0.38"
"12","A","Rea","yes","0.08","-0.30"
"13","H","Lee","yes","0.27","-0.03"
"14","H","Bla","yes","-0.17","-0.19"
"15","A","Cha","yes","-0.05","-0.24"
"16","H","Hud","yes","-0.33","-0.57"
"17","A","Der","yes","0.19","-0.38"
"18","A","Hul","yes","-0.10","-0.47"
"19","H","WBA","yes","0.12","-0.35"
"20","A","QPR","yes","0.11","-0.25"
"21","H","Ful","yes","0.12","-0.13"
"22","H","Lut","yes","-0.33","-0.46"
"23","A","Car","yes","0.33","-0.13"
"24","A","Lee","yes","0.56","0.43"
"25","H","Rea","yes","-0.26","0.17"
"26","H","Mid","yes","-0.30","-0.14"
"27","A","Bla","yes","0.18","0.04"
"28","H","Cha","yes","-0.37","-0.33"
"29","A","Bar","yes","-0.03","-0.36"
"30","H","Swa","yes","-0.06","-0.42"
"31","A","Wig","yes","0.12","-0.30"
"32","A","Sto","yes","0.08","-0.22"
"33","H","Mil","yes","-0.10","-0.32"
"34","H","Hul","yes","-0.41","-0.73"
"35","A","WBA","yes","0.45","-0.28"
"36","A","Ful","yes","0.44","0.16"
"37","H","QPR","yes","-0.24","-0.07"
"38","A","Lut","yes","-0.00","-0.07"
"39","H","Car","yes","-0.02","-0.09"
"40","H","Der","yes","-0.15","-0.24"
"41","A","Hud","yes","-0.00","-0.24"
"42","A","ShW","yes","0.08","-0.17"
"43","H","Not","yes","-0.07","-0.24"
"44","A","Bre","yes","0.40","0.16"
"45","H","Bir","yes","-0.34","-0.18"
"46","A","Bri","yes","0.18","-0.00"
