"","HA","vs","played","Pts","GD","ePts","sched","cumulative"
"1","A","Fam","yes",3,4,"2.50","-0.19","-0.19"
"2","H","Mor","yes",3,2,"2.28","-0.09","-0.28"
"3","H","Far","yes",3,1,"2.49","-0.19","-0.47"
"4","A","Rio","yes",3,3,"2.37","-0.13","-0.60"
"5","H","Bel","yes",3,2,"2.37","-0.13","-0.73"
"6","A","Boa","yes",0,-3,"2.25","-0.07","-0.80"
"7","H","Bra","yes",0,-1,"1.54","0.26","-0.54"
"8","A","Mar","yes",3,1,"2.47","-0.18","-0.72"
"9","H","Pac","yes",3,1,"2.43","-0.16","-0.88"
"10","A","Gil","yes",3,2,"2.45","-0.17","-1.05"
"11","H","Pse","yes",3,1,"2.45","-0.17","-1.22"
"12","A","SCl","yes",1,0,"2.13","-0.01","-1.23"
"13","H","Ton","yes",3,2,"2.64","-0.26","-1.49"
"14","A","Pto","yes",1,0,"1.05","0.50","-0.99"
"15","H","Nac","yes",1,0,"2.61","-0.24","-1.24"
"16","A","Spo","yes",0,-1,"0.90","0.57","-0.67"
"17","H","Gui","yes",1,0,"2.14","-0.02","-0.69"
"18","H","Fam","yes",3,2,"2.19","-0.04","-0.73"
"19","A","Mor","yes",1,0,"2.32","-0.11","-0.84"
"20","A","Far","yes",1,0,"2.49","-0.19","-1.03"
"21","H","Rio","yes",3,2,"2.47","-0.18","-1.21"
"22","A","Bel","yes",3,3,"2.17","-0.04","-1.25"
"23","H","Boa","yes",3,2,"2.31","-0.10","-1.35"
"24","A","Bra","yes",3,2,"1.34","0.36","-0.99"
"25","H","Mar","yes",3,1,"2.52","-0.20","-1.20"
"26","A","Pac","yes",3,5,"1.52","0.27","-0.92"
"27","H","Gil","yes",0,-1,"2.29","-0.09","-1.02"
"28","A","Pse","yes",3,4,"2.05","0.02","-1.00"
"29","H","SCl","yes",3,1,"2.28","-0.09","-1.08"
"30","A","Ton","no",NA,NA,"1.65","0.21","-0.87"
"31","H","Pto","no",NA,NA,"0.98","0.53","-0.34"
"32","A","Nac","no",NA,NA,"2.42","-0.16","-0.50"
"33","H","Spo","no",NA,NA,"1.00","0.52","0.02"
"34","A","Gui","no",NA,NA,"2.14","-0.02","-0.00"
