"","HA","vs","played","Pts","GD","ePts","sched","cumulative"
"1","H","Ben","yes",0,-4,"0.33","0.71","0.71"
"2","A","Bel","yes",3,1,"1.27","-0.12","0.58"
"3","H","Rio","yes",1,0,"1.37","-0.21","0.38"
"4","A","Far","yes",1,0,"1.77","-0.56","-0.19"
"5","H","Boa","yes",1,0,"1.27","-0.12","-0.31"
"6","A","Bra","yes",0,-1,"0.68","0.40","0.10"
"7","H","Mar","yes",3,1,"1.16","-0.02","0.07"
"8","A","Pac","yes",0,-2,"0.64","0.43","0.51"
"9","H","Spo","yes",1,0,"0.13","0.88","1.39"
"10","A","Pse","yes",1,0,"1.36","-0.20","1.18"
"11","H","Gil","yes",0,-1,"0.95","0.16","1.34"
"12","A","Ton","yes",0,-1,"1.04","0.08","1.42"
"13","H","Pto","yes",0,-3,"0.31","0.73","2.15"
"14","A","SCl","yes",3,1,"1.26","-0.11","2.04"
"15","H","Gui","yes",0,-1,"0.92","0.19","2.23"
"16","A","Nac","yes",0,-1,"1.78","-0.57","1.66"
"17","H","Mor","yes",0,-2,"0.90","0.20","1.87"
"18","A","Ben","yes",0,-2,"0.62","0.45","2.32"
"19","H","Bel","yes",1,0,"1.19","-0.05","2.27"
"20","A","Rio","yes",3,1,"1.66","-0.47","1.80"
"21","H","Far","yes",1,0,"1.40","-0.23","1.57"
"22","A","Boa","yes",0,-3,"1.72","-0.52","1.05"
"23","H","Bra","yes",1,0,"0.60","0.47","1.51"
"24","A","Mar","yes",3,4,"1.70","-0.50","1.01"
"25","H","Pac","yes",3,2,"1.19","-0.05","0.97"
"26","A","Spo","yes",1,0,"0.36","0.68","1.64"
"27","H","Pse","yes",0,-1,"1.47","-0.30","1.34"
"28","A","Gil","yes",3,3,"1.76","-0.55","0.79"
"29","H","Ton","yes",1,0,"1.66","-0.47","0.32"
"30","A","Pto","yes",0,-1,"0.36","0.68","1.01"
"31","H","SCl","yes",3,1,"1.14","-0.00","1.00"
"32","A","Gui","no",NA,NA,"1.34","-0.18","0.82"
"33","H","Nac","no",NA,NA,"1.62","-0.43","0.39"
"34","A","Mor","no",NA,NA,"1.58","-0.39","-0.00"
