"","HA","vs","played","Pts","GD","ePts","sched","cumulative"
"1","H","Far","yes",3,2,"1.61","-0.35","-0.35"
"2","A","Ben","yes",0,-2,"0.56","0.53","0.19"
"3","H","Boa","yes",1,0,"1.51","-0.26","-0.07"
"4","A","Bel","yes",1,0,"1.27","-0.06","-0.13"
"5","H","Mar","yes",3,1,"1.44","-0.20","-0.34"
"6","A","Rio","yes",0,-2,"1.58","-0.32","-0.66"
"7","A","Spo","yes",0,-1,"0.33","0.73","0.07"
"8","H","Pac","yes",0,-1,"1.48","-0.23","-0.16"
"9","H","Gil","yes",1,0,"1.27","-0.06","-0.23"
"10","A","Ton","yes",1,0,"0.83","0.31","0.08"
"11","H","SCl","yes",3,1,"1.23","-0.03","0.06"
"12","A","Pto","yes",0,-3,"0.34","0.72","0.77"
"13","H","Gui","yes",1,0,"1.07","0.10","0.88"
"14","A","Nac","yes",3,1,"1.68","-0.40","0.47"
"15","H","Pse","yes",1,0,"1.65","-0.38","0.09"
"16","H","Bra","yes",0,-4,"0.71","0.41","0.50"
"17","A","Fam","yes",3,2,"1.81","-0.51","-0.01"
"18","A","Far","yes",3,1,"1.71","-0.43","-0.43"
"19","H","Ben","yes",1,0,"0.45","0.63","0.19"
"20","A","Boa","yes",0,-1,"1.60","-0.33","-0.14"
"21","H","Bel","yes",1,0,"1.59","-0.33","-0.47"
"22","A","Mar","yes",3,2,"1.54","-0.29","-0.76"
"23","H","Rio","yes",1,0,"1.53","-0.28","-1.04"
"24","A","Pac","yes",0,-3,"0.50","0.58","-0.46"
"25","H","Spo","yes",1,0,"0.18","0.85","0.40"
"26","A","Gil","yes",3,1,"1.71","-0.43","-0.03"
"27","H","Ton","yes",0,-1,"1.91","-0.59","-0.62"
"28","A","SCl","yes",1,0,"1.28","-0.07","-0.69"
"29","H","Pto","yes",1,0,"0.37","0.69","0.00"
"30","A","Gui","yes",0,-2,"1.26","-0.05","-0.05"
"31","H","Nac","no",NA,NA,"1.86","-0.55","-0.60"
"32","A","Pse","no",NA,NA,"1.19","0.00","-0.60"
"33","A","Bra","no",NA,NA,"0.54","0.55","-0.04"
"34","H","Fam","no",NA,NA,"1.14","0.04","-0.00"
