"","HA","vs","played","Pts","GD","ePts","sched","cumulative"
"1","A","Pse","yes",1,0,"1.23","0.21","0.21"
"2","H","Spo","yes",0,-2,"0.64","0.59","0.80"
"3","A","Gui","yes",0,-1,"1.33","0.15","0.95"
"4","H","SCl","yes",3,1,"2.08","-0.33","0.62"
"5","A","Nac","yes",1,0,"1.74","-0.11","0.50"
"6","H","Pto","yes",3,1,"0.95","0.39","0.89"
"7","H","Fam","yes",3,2,"2.00","-0.28","0.61"
"8","A","Mor","yes",3,1,"1.33","0.15","0.76"
"9","A","Ben","yes",0,-1,"0.43","0.72","1.48"
"10","H","Boa","yes",1,0,"2.21","-0.42","1.06"
"11","A","Far","yes",1,0,"1.55","0.00","1.07"
"12","H","Rio","yes",3,2,"2.26","-0.45","0.62"
"13","A","Bel","yes",3,2,"1.25","0.20","0.82"
"14","H","Bra","yes",3,2,"1.64","-0.05","0.77"
"15","A","Mar","yes",3,3,"1.57","-0.01","0.76"
"16","A","Gil","yes",3,1,"1.73","-0.11","0.65"
"17","H","Ton","yes",3,1,"2.54","-0.63","0.02"
"18","H","Pse","yes",1,0,"2.45","-0.57","-0.56"
"19","A","Spo","yes",0,-2,"0.29","0.81","0.26"
"20","H","Gui","yes",3,1,"2.01","-0.29","-0.03"
"21","A","SCl","yes",0,-3,"1.07","0.31","0.28"
"22","H","Nac","yes",3,1,"2.52","-0.62","-0.34"
"23","A","Pto","yes",0,-2,"0.30","0.81","0.47"
"24","H","Mor","yes",3,3,"2.01","-0.29","0.18"
"25","A","Fam","yes",0,-2,"1.52","0.02","0.20"
"26","H","Ben","yes",0,-5,"1.01","0.35","0.56"
"27","A","Boa","yes",0,-2,"1.51","0.03","0.59"
"28","H","Far","yes",0,-2,"2.40","-0.54","0.05"
"29","A","Rio","yes",1,0,"1.57","-0.01","0.05"
"30","H","Bel","yes",3,1,"2.22","-0.43","-0.38"
"31","A","Bra","yes",1,0,"0.55","0.65","0.27"
"32","H","Mar","yes",1,0,"2.19","-0.41","-0.13"
"33","H","Gil","yes",0,-2,"1.87","-0.20","-0.33"
"34","A","Ton","yes",3,1,"1.04","0.33","-0.00"
