"","HA","vs","played","Pts","GD","ePts","sched","cumulative"
"1","H","Rio","yes",1,0,"2.36","-0.81","-0.81"
"2","A","Mar","yes",0,-1,"1.00","0.23","-0.58"
"3","H","Bra","yes",0,-4,"1.34","-0.03","-0.61"
"4","A","Gil","yes",1,0,"0.96","0.26","-0.35"
"5","H","Pse","yes",3,1,"2.33","-0.79","-1.14"
"6","A","Spo","yes",0,-4,"0.14","0.90","-0.24"
"7","H","SCl","yes",3,2,"2.13","-0.64","-0.88"
"8","H","Gui","yes",0,-2,"1.98","-0.52","-1.40"
"9","A","Pto","yes",0,-1,"0.16","0.87","-0.52"
"10","H","Mor","yes",1,0,"2.14","-0.64","-1.17"
"11","A","Nac","yes",0,-2,"0.92","0.29","-0.87"
"12","H","Fam","yes",3,1,"2.03","-0.56","-1.43"
"13","A","Ben","yes",0,-2,"0.22","0.83","-0.60"
"14","H","Boa","yes",3,2,"2.17","-0.67","-1.27"
"15","A","Bel","yes",0,-2,"0.63","0.51","-0.76"
"16","H","Far","yes",3,2,"2.38","-0.82","-1.58"
"17","A","Pac","yes",0,-1,"0.29","0.78","-0.80"
"18","A","Rio","yes",0,-1,"0.85","0.35","-0.45"
"19","H","Mar","yes",3,1,"2.42","-0.85","-1.31"
"20","A","Bra","yes",0,-2,"0.23","0.82","-0.48"
"21","H","Gil","yes",3,1,"2.14","-0.65","-1.13"
"22","A","Pse","yes",0,-3,"0.54","0.58","-0.55"
"23","H","Spo","yes",0,-1,"0.83","0.36","-0.18"
"24","A","SCl","yes",1,0,"0.60","0.54","0.36"
"25","A","Gui","yes",3,1,"0.61","0.54","0.89"
"26","H","Pto","yes",0,-2,"0.81","0.38","1.27"
"27","A","Mor","yes",3,1,"0.79","0.39","1.66"
"28","H","Nac","yes",3,1,"2.52","-0.94","0.73"
"29","A","Fam","yes",1,0,"1.06","0.19","0.92"
"30","H","Ben","yes",3,2,"1.42","-0.09","0.83"
"31","A","Boa","no",NA,NA,"0.71","0.46","1.28"
"32","H","Bel","no",NA,NA,"2.24","-0.72","0.56"
"33","A","Far","no",NA,NA,"1.03","0.21","0.77"
"34","H","Pac","no",NA,NA,"2.31","-0.77","-0.00"
