"","HA","vs","played","Pts","GD","ePts","sched","cumulative"
"1","H","Gra","yes",3,5,"2.65","-0.19","-0.19"
"2","A","Hue","yes",1,0,"2.41","-0.08","-0.27"
"3","H","Vil","yes",1,0,"2.32","-0.04","-0.31"
"4","A","Cel","yes",3,2,"1.92","0.14","-0.17"
"5","H","Bet","yes",3,2,"2.38","-0.07","-0.24"
"6","A","Osa","yes",3,2,"2.17","0.03","-0.22"
"7","H","Cad","yes",3,4,"2.44","-0.09","-0.31"
"8","H","Bar","yes",3,1,"1.67","0.25","-0.06"
"9","A","Val","yes",3,1,"1.96","0.12","0.06"
"10","H","RVd","yes",3,2,"2.63","-0.18","-0.12"
"11","A","RMa","yes",0,-2,"1.37","0.38","0.27"
"12","H","Elc","yes",3,2,"2.75","-0.24","0.03"
"13","A","RSo","yes",3,2,"1.92","0.14","0.17"
"14","H","Get","yes",3,1,"2.68","-0.20","-0.03"
"15","A","Ala","yes",3,1,"2.24","-0.01","-0.04"
"16","H","Sev","yes",3,2,"2.00","0.10","0.06"
"17","A","Eib","yes",3,1,"2.61","-0.17","-0.11"
"18","H","Val","yes",3,2,"2.74","-0.23","-0.34"
"19","A","Cad","yes",3,2,"2.37","-0.07","-0.40"
"20","H","Cel","yes",1,0,"2.61","-0.17","-0.57"
"21","A","Gra","yes",3,1,"1.66","0.25","-0.32"
"22","A","Lev","yes",1,0,"2.24","-0.00","-0.32"
"23","H","Lev","yes",0,-2,"2.60","-0.17","-0.49"
"24","A","Vil","yes",3,2,"2.05","0.08","-0.41"
"25","H","RMa","yes",1,0,"1.77","0.21","-0.20"
"26","H","Bil","yes",3,1,"2.67","-0.20","-0.40"
"27","A","Get","yes",1,0,"2.20","0.01","-0.39"
"28","H","Ala","yes",3,1,"2.74","-0.23","-0.62"
"29","A","Sev","yes",0,-1,"1.02","0.54","-0.08"
"30","A","Bet","yes",1,0,"1.79","0.20","0.12"
"31","H","Eib","yes",3,5,"2.64","-0.19","-0.07"
"32","H","Hue","yes",3,2,"2.70","-0.21","-0.28"
"33","A","Bil","yes",0,-1,"1.85","0.17","-0.11"
"34","A","Elc","yes",3,1,"2.22","0.01","-0.10"
"35","A","Bar","no",NA,NA,"1.38","0.38","0.28"
"36","H","RSo","no",NA,NA,"2.22","0.00","0.28"
"37","H","Osa","no",NA,NA,"2.60","-0.17","0.11"
"38","A","RVd","no",NA,NA,"2.48","-0.11","-0.00"
