"","HA","vs","played","Pts","GD","ePts","sched","cumulative"
"1","A","RVd","yes",1,0,"2.12","-0.33","-0.33"
"2","H","RMa","yes",1,0,"0.68","0.57","0.24"
"3","A","Elc","yes",3,3,"1.85","-0.16","0.08"
"4","H","Val","yes",0,-1,"2.29","-0.44","-0.36"
"5","H","Get","yes",3,3,"2.18","-0.37","-0.73"
"6","A","Bet","yes",3,3,"1.13","0.29","-0.43"
"7","H","Hue","yes",3,3,"2.26","-0.42","-0.85"
"8","A","Cel","yes",3,3,"1.32","0.17","-0.68"
"9","H","Gra","yes",3,2,"2.12","-0.33","-1.02"
"10","A","Cad","yes",3,1,"1.96","-0.23","-1.24"
"11","H","Vil","yes",1,0,"1.36","0.15","-1.10"
"12","A","Ala","yes",1,0,"1.72","-0.08","-1.18"
"13","H","Eib","yes",1,0,"1.96","-0.23","-1.41"
"14","A","Bar","yes",0,-1,"1.01","0.37","-1.04"
"15","A","Lev","yes",0,-1,"1.73","-0.08","-1.12"
"16","H","Atl","yes",0,-2,"0.96","0.40","-0.72"
"17","A","Bil","yes",3,1,"1.39","0.12","-0.60"
"18","H","Osa","yes",1,0,"1.95","-0.22","-0.82"
"19","A","Sev","yes",0,-1,"0.72","0.55","-0.27"
"20","H","Bet","yes",1,0,"1.64","-0.03","-0.30"
"21","A","Vil","yes",1,0,"1.43","0.10","-0.20"
"22","H","Cad","yes",3,3,"1.60","-0.01","-0.21"
"23","A","Get","yes",3,1,"1.71","-0.08","-0.29"
"24","H","Ala","yes",3,4,"2.14","-0.34","-0.63"
"25","A","RMa","yes",1,0,"0.85","0.47","-0.16"
"26","H","Lev","yes",3,1,"2.00","-0.25","-0.41"
"27","A","Gra","yes",0,-1,"1.26","0.21","-0.21"
"28","H","Bar","yes",0,-5,"0.74","0.53","0.33"
"29","H","Bil","yes",1,0,"2.00","-0.25","0.07"
"30","A","Val","yes",1,0,"1.32","0.17","0.24"
"31","H","Sev","yes",0,-1,"1.12","0.29","0.54"
"32","H","Cel","yes",3,1,"1.69","-0.06","0.48"
"33","A","Eib","yes",3,1,"2.28","-0.43","0.04"
"34","A","Hue","yes",0,-1,"1.77","-0.11","-0.07"
"35","H","Elc","yes",3,2,"2.20","-0.38","-0.45"
"36","A","Atl","yes",0,-1,"0.42","0.73","0.28"
"37","H","RVd","yes",3,3,"2.08","-0.31","-0.02"
"38","A","Osa","no",NA,NA,"1.56","0.02","-0.00"
