"","HA","vs","played","Pts","GD","ePts","sched","cumulative"
"1","H","Lev","yes",3,2,"1.80","-0.65","-0.65"
"2","A","Cel","yes",0,-1,"0.48","0.56","-0.09"
"3","H","Hue","yes",1,0,"2.14","-0.95","-1.04"
"4","A","RSo","yes",3,1,"0.48","0.56","-0.47"
"5","H","Bet","yes",0,-2,"1.50","-0.38","-0.85"
"6","A","Vil","yes",0,-1,"0.62","0.43","-0.42"
"7","A","Elc","yes",0,-1,"0.84","0.23","-0.19"
"8","H","Get","yes",1,0,"2.07","-0.89","-1.08"
"9","H","RMa","yes",3,3,"0.63","0.42","-0.66"
"10","A","Ala","yes",1,0,"0.80","0.27","-0.39"
"11","H","Atl","yes",0,-1,"0.84","0.23","-0.16"
"12","A","Eib","yes",1,0,"1.34","-0.23","-0.38"
"13","H","Bil","yes",1,0,"1.88","-0.72","-1.10"
"14","A","Bar","yes",1,0,"0.28","0.74","-0.36"
"15","H","Sev","yes",0,-1,"0.89","0.18","-0.17"
"16","A","Gra","yes",0,-1,"0.45","0.58","0.41"
"17","H","Cad","yes",1,0,"1.44","-0.32","0.10"
"18","A","RVd","yes",3,1,"1.13","-0.03","0.06"
"19","H","Osa","yes",1,0,"1.81","-0.66","-0.59"
"20","A","Atl","yes",0,-2,"0.13","0.88","0.29"
"21","H","Elc","yes",3,1,"2.23","-1.04","-0.75"
"22","A","Bil","yes",1,0,"0.50","0.54","-0.21"
"23","A","RMa","yes",0,-2,"0.27","0.75","0.54"
"24","H","Cel","yes",3,2,"1.69","-0.55","-0.00"
"25","A","Get","yes",0,-3,"0.81","0.26","0.26"
"26","H","Vil","yes",3,1,"1.22","-0.11","0.14"
"27","A","Lev","yes",0,-1,"0.74","0.32","0.46"
"28","H","Gra","yes",3,1,"1.95","-0.78","-0.32"
"29","A","Cad","yes",0,-1,"0.86","0.21","-0.11"
"30","H","RSo","yes",1,0,"1.31","-0.19","-0.30"
"31","A","Bet","yes",1,0,"0.41","0.63","0.33"
"32","A","Osa","yes",0,-2,"0.62","0.43","0.76"
"33","H","Ala","yes",1,0,"2.03","-0.85","-0.09"
"34","H","Bar","yes",0,-1,"0.65","0.41","0.31"
"35","H","RVd","yes",3,3,"1.92","-0.76","-0.45"
"36","A","Sev","yes",0,-1,"0.23","0.79","0.35"
"37","H","Eib","no",NA,NA,"1.79","-0.63","-0.29"
"38","A","Hue","no",NA,NA,"0.78","0.29","-0.00"
