"","HA","vs","played","Pts","GD","ePts","sched","cumulative"
"1","H","Cag","yes",1,0,"1.89","-0.22","-0.22"
"2","A","Spe","yes",3,3,"2.10","-0.35","-0.57"
"3","H","Cro","yes",3,3,"2.52","-0.62","-1.18"
"4","A","Bol","yes",3,1,"1.58","-0.02","-1.20"
"5","H","Tor","yes",1,0,"1.59","-0.02","-1.22"
"6","A","Nap","yes",3,2,"0.89","0.43","-0.79"
"7","H","Udi","yes",1,0,"1.51","0.03","-0.76"
"8","A","Ver","yes",3,2,"1.90","-0.22","-0.98"
"9","H","Int","yes",0,-3,"0.58","0.63","-0.35"
"10","A","Rom","yes",1,0,"0.87","0.44","0.09"
"11","H","Ben","yes",3,1,"1.49","0.04","0.14"
"12","A","Fir","yes",1,0,"2.03","-0.30","-0.17"
"13","H","Mil","yes",0,-1,"0.25","0.84","0.67"
"14","A","Sam","yes",3,1,"1.69","-0.09","0.58"
"15","A","Ata","yes",0,-4,"1.15","0.26","0.84"
"16","H","Gen","yes",3,1,"1.88","-0.21","0.64"
"17","A","Juv","yes",0,-2,"0.79","0.50","1.13"
"18","H","Par","yes",1,0,"2.16","-0.39","0.74"
"19","A","Laz","yes",0,-1,"0.80","0.48","1.23"
"20","A","Cag","yes",1,0,"2.10","-0.35","0.88"
"21","H","Spe","yes",0,-1,"1.81","-0.16","0.72"
"22","A","Cro","yes",3,1,"2.34","-0.50","0.22"
"23","H","Bol","yes",1,0,"1.96","-0.26","-0.04"
"24","H","Nap","yes",1,0,"0.78","0.50","0.46"
"25","A","Udi","yes",0,-2,"2.09","-0.34","0.12"
"26","H","Ver","yes",3,1,"1.48","0.05","0.17"
"27","A","Tor","yes",0,-1,"2.32","-0.49","-0.32"
"28","H","Rom","yes",1,0,"1.64","-0.05","-0.37"
"29","A","Int","yes",0,-1,"0.29","0.81","0.44"
"30","A","Ben","yes",3,1,"2.39","-0.53","-0.09"
"31","H","Fir","yes",3,2,"1.85","-0.18","-0.28"
"32","A","Mil","yes",3,1,"1.66","-0.06","-0.34"
"33","H","Sam","yes",3,1,"1.60","-0.03","-0.37"
"34","H","Ata","no",NA,NA,"0.57","0.63","0.26"
"35","A","Gen","no",NA,NA,"1.99","-0.28","-0.01"
"36","H","Juv","no",NA,NA,"1.08","0.31","0.29"
"37","A","Par","no",NA,NA,"2.51","-0.61","-0.32"
"38","H","Laz","no",NA,NA,"1.06","0.32","-0.00"
